%YAML:1.0
---
CameraExtrinsicMat: !!opencv-matrix
   rows: 4
   cols: 4
   dt: d
   data: [ 2.1318840000294603e-02, 1.3796477162910104e-02,
       9.9967753014606453e-01, 2.7298334144495745e-01,
       -9.9976221936234821e-01, 4.8786567508349865e-03,
       2.1253316070205808e-02, 3.0526242446804509e-02,
       -4.5838626413066130e-03, -9.9989292223027637e-01,
       1.3897203930460122e-02, -1.7781797293682172e-01, 0., 0., 0., 1. ]
CameraMat: !!opencv-matrix
   rows: 3
   cols: 3
   dt: d
   data: [ 5.8707283609755609e+02, 0., 3.1091001384997213e+02, 0.,
       5.8710522785192268e+02, 2.5331280557926206e+02, 0., 0., 1. ]
DistCoeff: !!opencv-matrix
   rows: 1
   cols: 5
   dt: d
   data: [ 1.5753830629298440e-01, -5.0245843750792996e-01,
       4.7842065378095218e-03, -4.5657700717131114e-03,
       2.7577266288469293e-01 ]
ImageSize: [ 640, 480 ]
ReprojectionError: 3.7403928794258312e-01
