%YAML:1.0
---
CameraExtrinsicMat: !!opencv-matrix
   rows: 4
   cols: 4
   dt: d
   data: [ -8.1601031426041803e-03, -3.6569886346484876e-01,
       9.3069745566280571e-01, 9.3465029992047943e-01,
       -9.7870792650308780e-01, 1.9381546558058615e-01,
       6.7574846665066468e-02, 4.5809607296411689e-02,
       -2.0509560530817994e-01, -9.1032955931481130e-01,
       -3.5949393057598744e-01, 8.0910890701844174e-01, 0., 0., 0., 1. ]
CameraMat: !!opencv-matrix
   rows: 3
   cols: 3
   dt: d
   data: [ 6.0636719929296237e+02, 0., 3.1604946467999434e+02, 0.,
       6.0773753005543608e+02, 2.6275568266794068e+02, 0., 0., 1. ]
DistCoeff: !!opencv-matrix
   rows: 1
   cols: 5
   dt: d
   data: [ 5.2507731748316820e-02, 2.6517554084580081e-01,
       7.0715533279795198e-03, -5.0812651151740567e-03,
       -8.8565716698697738e-01 ]
ImageSize: [ 640, 480 ]
ReprojectionError: 6.5956316942044324e-01
